42,4
42,1
42,3
61,70
61,64
61,50
61,39
61,38
61,10
61,9
61,3
61,18
61,6
61,53
61,34
61,4
0,273
0,270
57,1
57,3
14,4
25,1
25,3
10,255
10,293
10,301
10,137
10,275
10,25
11,26
11,9
11,16
11,29
11,13
8,16
8,18
8,17
20,1
20,3
19,2
19,1
19,3
18,1
18,3
14,1
14,5
14,3
13,1
13,3
2,2
2,1
2,3
70,3
70,2
70,1
70,0
69,4
69,3
69,2
69,1
69,0
68,4
68,3
68,2
68,1
68,0
67,5
67,4
67,3
67,2
67,1
67,0
65,4
65,3
65,2
65,1
65,0
64,5
64,4
64,3
64,2
64,1
64,0
63,15
63,14
63,13
63,12
63,11
63,10
63,9
63,8
63,7
63,6
63,5
63,4
63,3
63,2
63,1
63,0
62,5
62,4
62,3
62,2
62,1
62,0
61,102
61,101
61,100
61,99
61,98
61,97
61,96
61,95
61,94
61,93
61,92
61,91
61,90
61,89
61,88
61,87
61,86
61,85
61,84
61,83
61,82
61,81
61,80
61,79
61,78
61,77
61,76
61,75
61,74
61,1
61,73
20,2
12,3
